time	time	departures_all	arrivals_all	stuck_all	en-route_all	departures_car	arrivals_car	stuck_car	en-route_car
00:00:00	0	174	17	0	157	174	17	0	157
00:05:00	300	143	120	0	180	143	120	0	180
00:10:00	600	149	144	0	185	149	144	0	185
00:15:00	900	119	135	0	169	119	135	0	169
00:20:00	1200	105	127	0	147	105	127	0	147
00:25:00	1500	120	108	0	159	120	108	0	159
00:30:00	1800	146	126	0	179	146	126	0	179
00:35:00	2100	97	133	0	143	97	133	0	143
00:40:00	2400	93	104	0	132	93	104	0	132
00:45:00	2700	99	95	0	136	99	95	0	136
00:50:00	3000	87	97	0	126	87	97	0	126
00:55:00	3300	72	98	0	100	72	98	0	100
01:00:00	3600	107	82	0	125	107	82	0	125
01:05:00	3900	114	87	0	152	114	87	0	152
01:10:00	4200	115	115	0	152	115	115	0	152
01:15:00	4500	111	114	0	149	111	114	0	149
01:20:00	4800	118	105	0	162	118	105	0	162
01:25:00	5100	92	131	0	123	92	131	0	123
01:30:00	5400	97	92	0	128	97	92	0	128
01:35:00	5700	97	103	0	122	97	103	0	122
01:40:00	6000	86	102	0	106	86	102	0	106
01:45:00	6300	79	82	0	103	79	82	0	103
01:50:00	6600	94	69	0	128	94	69	0	128
01:55:00	6900	64	86	0	106	64	86	0	106
02:00:00	7200	95	75	0	126	95	75	0	126
02:05:00	7500	71	92	0	105	71	92	0	105
02:10:00	7800	76	83	0	98	76	83	0	98
02:15:00	8100	105	75	0	128	105	75	0	128
02:20:00	8400	89	91	0	126	89	91	0	126
02:25:00	8700	90	101	0	115	90	101	0	115
02:30:00	9000	105	87	0	133	105	87	0	133
02:35:00	9300	119	94	0	158	119	94	0	158
02:40:00	9600	115	114	0	159	115	114	0	159
02:45:00	9900	109	125	0	143	109	125	0	143
02:50:00	10200	116	105	0	154	116	105	0	154
02:55:00	10500	125	122	0	157	125	122	0	157
03:00:00	10800	115	110	0	162	115	110	0	162
03:05:00	11100	102	113	0	151	102	113	0	151
03:10:00	11400	127	118	0	160	127	118	0	160
03:15:00	11700	89	123	0	126	89	123	0	126
03:20:00	12000	122	101	0	147	122	101	0	147
03:25:00	12300	117	100	0	164	117	100	0	164
03:30:00	12600	95	120	0	139	95	120	0	139
03:35:00	12900	94	105	0	128	94	105	0	128
03:40:00	13200	109	92	0	145	109	92	0	145
03:45:00	13500	99	106	0	138	99	106	0	138
03:50:00	13800	85	105	0	118	85	105	0	118
03:55:00	14100	73	94	0	97	73	94	0	97
04:00:00	14400	136	78	0	155	136	78	0	155
04:05:00	14700	161	115	0	201	161	115	0	201
04:10:00	15000	171	155	0	217	171	155	0	217
04:15:00	15300	151	152	0	216	151	152	0	216
04:20:00	15600	156	164	0	208	156	164	0	208
04:25:00	15900	176	152	0	232	176	152	0	232
04:30:00	16200	146	158	0	220	146	158	0	220
04:35:00	16500	172	177	0	215	172	177	0	215
04:40:00	16800	188	169	0	234	188	169	0	234
04:45:00	17100	162	164	0	232	162	164	0	232
04:50:00	17400	180	181	0	231	180	181	0	231
04:55:00	17700	183	177	0	237	183	177	0	237
05:00:00	18000	615	206	0	646	615	206	0	646
05:05:00	18300	612	471	0	787	612	471	0	787
05:10:00	18600	632	585	0	834	632	585	0	834
05:15:00	18900	619	630	0	823	619	630	0	823
05:20:00	19200	666	627	0	862	666	627	0	862
05:25:00	19500	664	622	0	904	664	622	0	904
05:30:00	19800	645	669	0	880	645	669	0	880
05:35:00	20100	728	686	0	922	728	686	0	922
05:40:00	20400	717	670	0	969	717	670	0	969
05:45:00	20700	661	721	0	909	661	721	0	909
05:50:00	21000	768	691	0	986	768	691	0	986
05:55:00	21300	742	706	0	1022	742	706	0	1022
06:00:00	21600	1874	820	0	2076	1874	820	0	2076
06:05:00	21900	1967	1487	0	2556	1967	1487	0	2556
06:10:00	22200	1876	1841	0	2591	1876	1841	0	2591
06:15:00	22500	1963	1868	0	2686	1963	1868	0	2686
06:20:00	22800	1990	1921	0	2755	1990	1921	0	2755
06:25:00	23100	1951	1906	0	2800	1951	1906	0	2800
06:30:00	23400	1920	1905	0	2815	1920	1905	0	2815
06:35:00	23700	1955	1892	0	2878	1955	1892	0	2878
06:40:00	24000	1943	1907	0	2914	1943	1907	0	2914
06:45:00	24300	1898	1929	0	2883	1898	1929	0	2883
06:50:00	24600	1993	1873	0	3003	1993	1873	0	3003
06:55:00	24900	1955	1894	0	3064	1955	1894	0	3064
07:00:00	25200	2557	1978	0	3643	2557	1978	0	3643
07:05:00	25500	2514	2144	0	4013	2514	2144	0	4013
07:10:00	25800	2465	2271	0	4207	2465	2271	0	4207
07:15:00	26100	2487	2289	0	4405	2487	2289	0	4405
07:20:00	26400	2505	2201	0	4709	2505	2201	0	4709
07:25:00	26700	2453	2303	0	4859	2453	2303	0	4859
07:30:00	27000	2416	2260	0	5015	2416	2260	0	5015
07:35:00	27300	2453	2155	0	5313	2453	2155	0	5313
07:40:00	27600	2401	2187	0	5527	2401	2187	0	5527
07:45:00	27900	2429	2256	0	5700	2429	2256	0	5700
07:50:00	28200	2401	2185	0	5916	2401	2185	0	5916
07:55:00	28500	2429	2122	0	6223	2429	2122	0	6223
08:00:00	28800	1061	2104	0	5180	1061	2104	0	5180
08:05:00	29100	1020	1742	0	4458	1020	1742	0	4458
08:10:00	29400	1050	1353	0	4155	1050	1353	0	4155
08:15:00	29700	1031	1272	0	3914	1031	1272	0	3914
08:20:00	30000	977	1259	0	3632	977	1259	0	3632
08:25:00	30300	1007	1241	0	3398	1007	1241	0	3398
08:30:00	30600	994	1147	0	3245	994	1147	0	3245
08:35:00	30900	1047	1223	0	3069	1047	1223	0	3069
08:40:00	31200	920	1115	0	2874	920	1115	0	2874
08:45:00	31500	999	1077	0	2796	999	1077	0	2796
08:50:00	31800	982	1119	0	2659	982	1119	0	2659
08:55:00	32100	989	1067	0	2581	989	1067	0	2581
09:00:00	32400	389	1039	0	1931	389	1039	0	1931
09:05:00	32700	396	757	0	1570	396	757	0	1570
09:10:00	33000	392	572	0	1390	392	572	0	1390
09:15:00	33300	358	570	0	1178	358	570	0	1178
09:20:00	33600	335	511	0	1002	335	511	0	1002
09:25:00	33900	344	495	0	851	344	495	0	851
09:30:00	34200	337	478	0	710	337	478	0	710
09:35:00	34500	340	438	0	612	340	438	0	612
09:40:00	34800	319	436	0	495	319	436	0	495
09:45:00	35100	346	390	0	451	346	390	0	451
09:50:00	35400	331	310	0	472	331	310	0	472
09:55:00	35700	341	337	0	476	341	337	0	476
10:00:00	36000	283	364	0	395	283	364	0	395
10:05:00	36300	249	298	0	346	249	298	0	346
10:10:00	36600	250	257	0	339	250	257	0	339
10:15:00	36900	259	262	0	336	259	262	0	336
10:20:00	37200	254	263	0	327	254	263	0	327
10:25:00	37500	244	229	0	342	244	229	0	342
10:30:00	37800	261	260	0	343	261	260	0	343
10:35:00	38100	245	260	0	328	245	260	0	328
10:40:00	38400	262	249	0	341	262	249	0	341
10:45:00	38700	292	254	0	379	292	254	0	379
10:50:00	39000	255	289	0	345	255	289	0	345
10:55:00	39300	253	259	0	339	253	259	0	339
11:00:00	39600	139	247	0	231	139	247	0	231
11:05:00	39900	128	186	0	173	128	186	0	173
11:10:00	40200	99	139	0	133	99	139	0	133
11:15:00	40500	128	106	0	155	128	106	0	155
11:20:00	40800	132	125	0	162	132	125	0	162
11:25:00	41100	147	112	0	197	147	112	0	197
11:30:00	41400	115	143	0	169	115	143	0	169
11:35:00	41700	136	135	0	170	136	135	0	170
11:40:00	42000	130	115	0	185	130	115	0	185
11:45:00	42300	128	135	0	178	128	135	0	178
11:50:00	42600	123	145	0	156	123	145	0	156
11:55:00	42900	143	111	0	188	143	111	0	188
12:00:00	43200	246	148	0	286	246	148	0	286
12:05:00	43500	256	205	0	337	256	205	0	337
12:10:00	43800	301	269	0	369	301	269	0	369
12:15:00	44100	275	259	0	385	275	259	0	385
12:20:00	44400	286	286	0	385	286	286	0	385
12:25:00	44700	291	275	0	401	291	275	0	401
12:30:00	45000	273	299	0	375	273	299	0	375
12:35:00	45300	288	287	0	376	288	287	0	376
12:40:00	45600	310	287	0	399	310	287	0	399
12:45:00	45900	314	289	0	424	314	289	0	424
12:50:00	46200	289	312	0	401	289	312	0	401
12:55:00	46500	301	311	0	391	301	311	0	391
13:00:00	46800	482	307	0	566	482	307	0	566
13:05:00	47100	467	390	0	643	467	390	0	643
13:10:00	47400	464	484	0	623	464	484	0	623
13:15:00	47700	480	477	0	626	480	477	0	626
13:20:00	48000	463	468	0	621	463	468	0	621
13:25:00	48300	463	472	0	612	463	472	0	612
13:30:00	48600	480	467	0	625	480	467	0	625
13:35:00	48900	427	451	0	601	427	451	0	601
13:40:00	49200	504	488	0	617	504	488	0	617
13:45:00	49500	550	476	0	691	550	476	0	691
13:50:00	49800	539	487	0	743	539	487	0	743
13:55:00	50100	487	560	0	670	487	560	0	670
14:00:00	50400	322	504	0	488	322	504	0	488
14:05:00	50700	345	372	0	461	345	372	0	461
14:10:00	51000	393	340	0	514	393	340	0	514
14:15:00	51300	447	367	0	594	447	367	0	594
14:20:00	51600	477	451	0	620	477	451	0	620
14:25:00	51900	486	451	0	655	486	451	0	655
14:30:00	52200	577	515	0	717	577	515	0	717
14:35:00	52500	569	515	0	771	569	515	0	771
14:40:00	52800	597	587	0	781	597	587	0	781
14:45:00	53100	647	586	0	842	647	586	0	842
14:50:00	53400	694	624	0	912	694	624	0	912
14:55:00	53700	813	665	0	1060	813	665	0	1060
15:00:00	54000	762	771	0	1051	762	771	0	1051
15:05:00	54300	871	814	0	1108	871	814	0	1108
15:10:00	54600	933	806	0	1235	933	806	0	1235
15:15:00	54900	1058	966	0	1327	1058	966	0	1327
15:20:00	55200	1198	961	0	1564	1198	961	0	1564
15:25:00	55500	1282	1189	0	1657	1282	1189	0	1657
15:30:00	55800	1417	1233	0	1841	1417	1233	0	1841
15:35:00	56100	1493	1377	0	1957	1493	1377	0	1957
15:40:00	56400	1642	1439	0	2160	1642	1439	0	2160
15:45:00	56700	1717	1637	0	2240	1717	1637	0	2240
15:50:00	57000	1804	1597	0	2447	1804	1597	0	2447
15:55:00	57300	1808	1752	0	2503	1808	1752	0	2503
16:00:00	57600	1925	1784	0	2644	1925	1784	0	2644
16:05:00	57900	1988	1902	0	2730	1988	1902	0	2730
16:10:00	58200	2090	1832	0	2988	2090	1832	0	2988
16:15:00	58500	2107	2004	0	3091	2107	2004	0	3091
16:20:00	58800	2186	2048	0	3229	2186	2048	0	3229
16:25:00	59100	2231	2083	0	3377	2231	2083	0	3377
16:30:00	59400	2264	2109	0	3532	2264	2109	0	3532
16:35:00	59700	2300	2193	0	3639	2300	2193	0	3639
16:40:00	60000	2391	2178	0	3852	2391	2178	0	3852
16:45:00	60300	2389	2234	0	4007	2389	2234	0	4007
16:50:00	60600	2336	2312	0	4031	2336	2312	0	4031
16:55:00	60900	2449	2226	0	4254	2449	2226	0	4254
17:00:00	61200	2385	2374	0	4265	2385	2374	0	4265
17:05:00	61500	2270	2257	0	4278	2270	2257	0	4278
17:10:00	61800	2141	2231	0	4188	2141	2231	0	4188
17:15:00	62100	2115	2155	0	4148	2115	2155	0	4148
17:20:00	62400	2074	2133	0	4089	2074	2133	0	4089
17:25:00	62700	1901	2007	0	3983	1901	2007	0	3983
17:30:00	63000	1714	1939	0	3758	1714	1939	0	3758
17:35:00	63300	1620	1833	0	3545	1620	1833	0	3545
17:40:00	63600	1486	1679	0	3352	1486	1679	0	3352
17:45:00	63900	1370	1673	0	3049	1370	1673	0	3049
17:50:00	64200	1301	1494	0	2856	1301	1494	0	2856
17:55:00	64500	1098	1362	0	2592	1098	1362	0	2592
18:00:00	64800	902	1270	0	2224	902	1270	0	2224
18:05:00	65100	908	1047	0	2085	908	1047	0	2085
18:10:00	65400	909	963	0	2031	909	963	0	2031
18:15:00	65700	832	976	0	1887	832	976	0	1887
18:20:00	66000	836	899	0	1824	836	899	0	1824
18:25:00	66300	744	917	0	1651	744	917	0	1651
18:30:00	66600	634	765	0	1520	634	765	0	1520
18:35:00	66900	563	765	0	1318	563	765	0	1318
18:40:00	67200	527	643	0	1202	527	643	0	1202
18:45:00	67500	483	600	0	1085	483	600	0	1085
18:50:00	67800	413	568	0	930	413	568	0	930
18:55:00	68100	426	518	0	838	426	518	0	838
19:00:00	68400	369	484	0	723	369	484	0	723
19:05:00	68700	354	446	0	631	354	446	0	631
19:10:00	69000	380	419	0	592	380	419	0	592
19:15:00	69300	349	423	0	518	349	423	0	518
19:20:00	69600	300	388	0	430	300	388	0	430
19:25:00	69900	327	338	0	419	327	338	0	419
19:30:00	70200	326	304	0	441	326	304	0	441
19:35:00	70500	311	335	0	417	311	335	0	417
19:40:00	70800	328	310	0	435	328	310	0	435
19:45:00	71100	326	314	0	447	326	314	0	447
19:50:00	71400	314	318	0	443	314	318	0	443
19:55:00	71700	284	326	0	401	284	326	0	401
20:00:00	72000	341	313	0	429	341	313	0	429
20:05:00	72300	283	336	0	376	283	336	0	376
20:10:00	72600	250	265	0	361	250	265	0	361
20:15:00	72900	231	272	0	320	231	272	0	320
20:20:00	73200	264	255	0	329	264	255	0	329
20:25:00	73500	240	249	0	320	240	249	0	320
20:30:00	73800	195	234	0	281	195	234	0	281
20:35:00	74100	232	217	0	296	232	217	0	296
20:40:00	74400	193	212	0	277	193	212	0	277
20:45:00	74700	188	205	0	260	188	205	0	260
20:50:00	75000	190	200	0	250	190	200	0	250
20:55:00	75300	167	184	0	233	167	184	0	233
21:00:00	75600	144	164	0	213	144	164	0	213
21:05:00	75900	153	181	0	185	153	181	0	185
21:10:00	76200	180	140	0	225	180	140	0	225
21:15:00	76500	153	150	0	228	153	150	0	228
21:20:00	76800	174	161	0	241	174	161	0	241
21:25:00	77100	206	189	0	258	206	189	0	258
21:30:00	77400	195	198	0	255	195	198	0	255
21:35:00	77700	219	178	0	296	219	178	0	296
21:40:00	78000	241	228	0	309	241	228	0	309
21:45:00	78300	233	216	0	326	233	216	0	326
21:50:00	78600	281	263	0	344	281	263	0	344
21:55:00	78900	265	253	0	356	265	253	0	356
22:00:00	79200	247	256	0	347	247	256	0	347
22:05:00	79500	262	257	0	352	262	257	0	352
22:10:00	79800	313	273	0	392	313	273	0	392
22:15:00	80100	309	284	0	417	309	284	0	417
22:20:00	80400	295	318	0	394	295	318	0	394
22:25:00	80700	332	291	0	435	332	291	0	435
22:30:00	81000	371	333	0	473	371	333	0	473
22:35:00	81300	316	354	0	435	316	354	0	435
22:40:00	81600	378	341	0	472	378	341	0	472
22:45:00	81900	360	343	0	489	360	343	0	489
22:50:00	82200	402	364	0	527	402	364	0	527
22:55:00	82500	407	390	0	544	407	390	0	544
23:00:00	82800	423	411	0	556	423	411	0	556
23:05:00	83100	428	430	0	554	428	430	0	554
23:10:00	83400	414	419	0	549	414	419	0	549
23:15:00	83700	375	411	0	513	375	411	0	513
23:20:00	84000	330	370	0	473	330	370	0	473
23:25:00	84300	297	328	0	442	297	328	0	442
23:30:00	84600	286	353	0	375	286	353	0	375
23:35:00	84900	277	269	0	383	277	269	0	383
23:40:00	85200	282	286	0	379	282	286	0	379
23:45:00	85500	241	282	0	338	241	282	0	338
23:50:00	85800	250	264	0	324	250	264	0	324
23:55:00	86100	191	235	0	280	191	235	0	280
24:00:00	86400	14	180	0	114	14	180	0	114
24:05:00	86700	10	91	0	33	10	91	0	33
24:10:00	87000	9	25	0	17	9	25	0	17
24:15:00	87300	9	9	0	17	9	9	0	17
24:20:00	87600	1	12	0	6	1	12	0	6
24:25:00	87900	1	4	0	3	1	4	0	3
24:30:00	88200	1	2	0	2	1	2	0	2
24:35:00	88500	1	2	0	1	1	2	0	1
24:40:00	88800	0	0	0	1	0	0	0	1
24:45:00	89100	0	1	0	0	0	1	0	0
24:50:00	89400	0	0	0	0	0	0	0	0
24:55:00	89700	0	0	0	0	0	0	0	0
25:00:00	90000	0	0	0	0	0	0	0	0
25:05:00	90300	0	0	0	0	0	0	0	0
25:10:00	90600	0	0	0	0	0	0	0	0
25:15:00	90900	0	0	0	0	0	0	0	0
25:20:00	91200	0	0	0	0	0	0	0	0
25:25:00	91500	0	0	0	0	0	0	0	0
25:30:00	91800	0	0	0	0	0	0	0	0
25:35:00	92100	0	0	0	0	0	0	0	0
25:40:00	92400	0	0	0	0	0	0	0	0
25:45:00	92700	0	0	0	0	0	0	0	0
25:50:00	93000	0	0	0	0	0	0	0	0
25:55:00	93300	0	0	0	0	0	0	0	0
26:00:00	93600	0	0	0	0	0	0	0	0
26:05:00	93900	0	0	0	0	0	0	0	0
26:10:00	94200	0	0	0	0	0	0	0	0
26:15:00	94500	0	0	0	0	0	0	0	0
26:20:00	94800	0	0	0	0	0	0	0	0
26:25:00	95100	0	0	0	0	0	0	0	0
26:30:00	95400	0	0	0	0	0	0	0	0
26:35:00	95700	0	0	0	0	0	0	0	0
26:40:00	96000	0	0	0	0	0	0	0	0
26:45:00	96300	0	0	0	0	0	0	0	0
26:50:00	96600	0	0	0	0	0	0	0	0
26:55:00	96900	0	0	0	0	0	0	0	0
27:00:00	97200	0	0	0	0	0	0	0	0
27:05:00	97500	0	0	0	0	0	0	0	0
27:10:00	97800	0	0	0	0	0	0	0	0
27:15:00	98100	0	0	0	0	0	0	0	0
27:20:00	98400	0	0	0	0	0	0	0	0
27:25:00	98700	0	0	0	0	0	0	0	0
27:30:00	99000	0	0	0	0	0	0	0	0
27:35:00	99300	0	0	0	0	0	0	0	0
27:40:00	99600	0	0	0	0	0	0	0	0
27:45:00	99900	0	0	0	0	0	0	0	0
27:50:00	100200	0	0	0	0	0	0	0	0
27:55:00	100500	0	0	0	0	0	0	0	0
28:00:00	100800	0	0	0	0	0	0	0	0
28:05:00	101100	0	0	0	0	0	0	0	0
28:10:00	101400	0	0	0	0	0	0	0	0
28:15:00	101700	0	0	0	0	0	0	0	0
28:20:00	102000	0	0	0	0	0	0	0	0
28:25:00	102300	0	0	0	0	0	0	0	0
28:30:00	102600	0	0	0	0	0	0	0	0
28:35:00	102900	0	0	0	0	0	0	0	0
28:40:00	103200	0	0	0	0	0	0	0	0
28:45:00	103500	0	0	0	0	0	0	0	0
28:50:00	103800	0	0	0	0	0	0	0	0
28:55:00	104100	0	0	0	0	0	0	0	0
29:00:00	104400	0	0	0	0	0	0	0	0
29:05:00	104700	0	0	0	0	0	0	0	0
29:10:00	105000	0	0	0	0	0	0	0	0
29:15:00	105300	0	0	0	0	0	0	0	0
29:20:00	105600	0	0	0	0	0	0	0	0
29:25:00	105900	0	0	0	0	0	0	0	0
29:30:00	106200	0	0	0	0	0	0	0	0
29:35:00	106500	0	0	0	0	0	0	0	0
29:40:00	106800	0	0	0	0	0	0	0	0
29:45:00	107100	0	0	0	0	0	0	0	0
29:50:00	107400	0	0	0	0	0	0	0	0
29:55:00	107700	0	0	0	0	0	0	0	0
30:00:00	108000	0	0	0	0	0	0	0	0
30:05:00	108300	0	0	0	0	0	0	0	0
